0000000000000000
0000000000000001
0000000000000010
0000000000000011
0000000000000100
0000000000000101
0000000000000110
0000000000000111
0000000000001000
0000000000001001
0000000000010000
0000000000010001
0000000000010010
0000000000010011
0000000000010100
0000000000010101
0000000000010110
0000000000010111
0000000000011000
0000000000011001
0000000000100000
0000000000100001
0000000000100010
0000000000100011
0000000000100100
0000000000100101
0000000000100110
0000000000100111
0000000000101000
0000000000101001
0000000000110000
0000000000110001
0000000000110010
0000000000110011
0000000000110100
0000000000110101
0000000000110110
0000000000110111
0000000000111000
0000000000111001
0000000001000000
0000000001000001
0000000001000010
0000000001000011
0000000001000100
0000000001000101
0000000001000110
0000000001000111
0000000001001000
0000000001001001
0000000001010000
0000000001010001
0000000001010010
0000000001010011
0000000001010100
0000000001010101
0000000001010110
0000000001010111
0000000001011000
0000000001011001
0000000001100000
0000000001100001
0000000001100010
0000000001100011
0000000001100100
0000000001100101
0000000001100110
0000000001100111
0000000001101000
0000000001101001
0000000001110000
0000000001110001
0000000001110010
0000000001110011
0000000001110100
0000000001110101
0000000001110110
0000000001110111
0000000001111000
0000000001111001
0000000010000000
0000000010000001
0000000010000010
0000000010000011
0000000010000100
0000000010000101
0000000010000110
0000000010000111
0000000010001000
0000000010001001
0000000010010000
0000000010010001
0000000010010010
0000000010010011
0000000010010100
0000000010010101
0000000010010110
0000000010010111
0000000010011000
0000000010011001
0000000100000000
0000000100000001
0000000100000010
0000000100000011
0000000100000100
0000000100000101
0000000100000110
0000000100000111
0000000100001000
0000000100001001
0000000100010000
0000000100010001
0000000100010010
0000000100010011
0000000100010100
0000000100010101
0000000100010110
0000000100010111
0000000100011000
0000000100011001
0000000100100000
0000000100100001
0000000100100010
0000000100100011
0000000100100100
0000000100100101
0000000100100110
0000000100100111
0000000100101000
0000000100101001
0000000100110000
0000000100110001
0000000100110010
0000000100110011
0000000100110100
0000000100110101
0000000100110110
0000000100110111
0000000100111000
0000000100111001
0000000101000000
0000000101000001
0000000101000010
0000000101000011
0000000101000100
0000000101000101
0000000101000110
0000000101000111
0000000101001000
0000000101001001
0000000101010000
0000000101010001
0000000101010010
0000000101010011
0000000101010100
0000000101010101
0000000101010110
0000000101010111
0000000101011000
0000000101011001
0000000101100000
0000000101100001
0000000101100010
0000000101100011
0000000101100100
0000000101100101
0000000101100110
0000000101100111
0000000101101000
0000000101101001
0000000101110000
0000000101110001
0000000101110010
0000000101110011
0000000101110100
0000000101110101
0000000101110110
0000000101110111
0000000101111000
0000000101111001
0000000110000000
0000000110000001
0000000110000010
0000000110000011
0000000110000100
0000000110000101
0000000110000110
0000000110000111
0000000110001000
0000000110001001
0000000110010000
0000000110010001
0000000110010010
0000000110010011
0000000110010100
0000000110010101
0000000110010110
0000000110010111
0000000110011000
0000000110011001
0000001000000000
0000001000000001
0000001000000010
0000001000000011
0000001000000100
0000001000000101
0000001000000110
0000001000000111
0000001000001000
0000001000001001
0000001000010000
0000001000010001
0000001000010010
0000001000010011
0000001000010100
0000001000010101
0000001000010110
0000001000010111
0000001000011000
0000001000011001
0000001000100000
0000001000100001
0000001000100010
0000001000100011
0000001000100100
0000001000100101
0000001000100110
0000001000100111
0000001000101000
0000001000101001
0000001000110000
0000001000110001
0000001000110010
0000001000110011
0000001000110100
0000001000110101
0000001000110110
0000001000110111
0000001000111000
0000001000111001
0000001001000000
0000001001000001
0000001001000010
0000001001000011
0000001001000100
0000001001000101
0000001001000110
0000001001000111
0000001001001000
0000001001001001
0000001001010000
0000001001010001
0000001001010010
0000001001010011
0000001001010100
0000001001010101
